1.736030127784219e-14
-8.215975336707285e-09
-6.57261276780895e-08
-2.2181430205069014e-07
-5.257437053041629e-07
-1.0267465651056946e-06
-1.7740138111405733e-06
-2.816684761446964e-06
-4.2038368158146286e-06
-5.984475157688344e-06
-8.207522465835115e-06
-1.092180863699241e-05
-1.4176060521258477e-05
-1.8018891671380252e-05
-2.2498792107308904e-05
-2.7664118097531735e-05
-3.356308195845511e-05
-4.024374187322254e-05
-4.7753991731415104e-05
-5.614155099093753e-05
-6.545395456342392e-05
-7.573854272462383e-05
-8.704245105104443e-05
-9.94126003842511e-05
-0.00011289568682401965
-0.00012753817175203733
-0.00014338627188702763
-0.00016048594937299396
-0.00017888290190174437
-0.00019862255287108493
-0.00021975004157976773
-0.0002423102134610562
-0.00026634761035548084
-0.0002919064608247038
-0.0003190306705073624
-0.0003477638125184362
-0.0003781491178932904
-0.00041022946607772065
-0.0004440473754652003
-0.0004796449939826216
-0.0005170640897258363
-0.0005563460416461278
-0.0005975318302890146
-0.0006406620285862657
-0.0006857767927029857
-0.0007329158529402482
-0.0007821185046949313
-0.0008334235994779698
-0.0008868695359920506
-0.0009424942512698652
-0.0010003352118743672
-0.0010604294051620889
-0.001122813330610545
-0.0011875229912110515
-0.0012545938849280963
-0.0013240609962263032
-0.0013959587876662134
-0.0014703211915699853
-0.0015471816017581877
-0.0016265728653586174
-0.0017085272746886532
-0.0017930765592115401
-0.0018802518775686886
-0.001970083809688101
-0.002062602348970593
-0.002157836894554791
-0.002255816243661795
-0.002356568584020759
-0.0024601214863764344
-0.002566501897079388
-0.0026757361307606945
-0.0027878498630911613
-0.002902868123626994
-0.0030208152887424193
-0.0031417150746502406
-0.0032655905305119717
-0.0033924640316375923
-0.00352235727277685
-0.0036552912615024414
-0.0037912863116864684
-0.0039303620370709
-0.004072537344933269
-0.0042178304298482955
-0.004366258767546559
-0.004517839108871364
-0.004672587473834287
-0.004830519145770883
-0.004991648665597089
-0.005155989826167467
-0.005323555666736329
-0.005494358467522327
-0.005668409744377796
-0.00584572024356352
-0.006026299936630024
-0.006210158015406142
-0.0063973028870958504
-0.006587742169484346
-0.006781482686253927
-0.006978530462411067
-0.0071788907198251095
-0.007382567872879806
-0.0075895655242381845
-0.007799886460722029
-0.00801353264930646
-0.008230505233230776
-0.008450804528226101
-0.008674430018860918
-0.008901380355005106
-0.009131653348413515
-0.009365245969429652
-0.009602154343810431
-0.009842373749672858
-0.010085898614563169
-0.010332722512649337
-0.010582838162037913
-0.010836237422215496
-0.011092911291616043
-0.011352849905314466
-0.011616042532847344
-0.01188247757616136
-0.012152142567690372
-0.012425024168561548
-0.012701108166931412
-0.012980379476452399
-0.013262822134870542
-0.01354841930275508
-0.01383715326236022
-0.014129005416620245
-0.014423956288277863
-0.014721985519147093
-0.01502307186951056
-0.015327193217652217
-0.01563432655952587
-0.015944448008559795
-0.016257532795598353
-0.01657355526898071
-0.01689248889475712
-0.017214306257043493
-0.017538979058514363
-0.017866478121034642
-0.0181967733864307
-0.01852983391740095
-0.01886562789856635
-0.01920412263766101
-0.019545284566863164
-0.01988907924426685
-0.02023547135549453
-0.020584424715450605
-0.020935902270216092
-0.02128986609908496
-0.021646277416741487
-0.02200509657557931
-0.02236628306816208
-0.022729795529825653
-0.023095591741421635
-0.02346362863220282
-0.023833862282849647
-0.024206247928638173
-0.02458073996274927
-0.02495729193971867
-0.02533585657902796
-0.025716385768836
-0.02609883056985067
-0.02648314121934073
-0.026869267135286874
-0.02725715692067273
-0.027646758367913967
-0.02803801846342639
-0.02843088339233153
-0.028825298543299818
-0.029221208513530633
-0.02961855711386835
-0.030017287374054326
-0.0304173415481135
-0.030818661119875513
-0.031221186808629186
-0.031624858574909695
-0.032029615626417735
-0.032435396424069785
-0.032842138688178306
-0.03324977940476155
-0.03365825483198147
-0.03406750050670872
-0.03447745125121433
-0.03488804117998625
-0.03529920370667018
-0.035710871551133144
-0.03612297674664897
-0.036535450647204405
-0.03694822393492433
-0.037361226627615096
-0.03777438808642475
-0.03818763702361834
-0.03860090151046749
-0.03901410898525242
-0.03942718626137521
-0.039840059535582575
-0.04025265439629712
-0.040664895832054945
-0.041076708240048665
-0.04148801543477357
-0.041898740656776096
-0.04230880658150245
-0.0427181353282455
-0.04312664846918922
-0.04353426703854792
-0.043940911541799174
-0.04434650196500848
-0.04475095778424393
-0.045154197975079025
-0.04555614102218214
-0.04595670492899039
-0.04635580722746631
-0.04675336498793567
-0.04714929482900414
-0.047543512927551504
-0.04793593502880084
-0.048326476456461695
-0.04871505212294446
-0.049101576539644656
-0.049485963827295254
-0.04986812772638457
-0.05024798160763856
-0.0506254384825652
-0.05100041101405925
-0.051372811527065194
-0.0517425520192971
-0.052109544172013106
-0.052473699360842445
-0.05283492866666399
-0.05319314288653363
-0.05354825254465913
-0.05390016790342078
-0.05424879897443535
-0.05459405552966286
-0.05493584711255299
-0.05527408304923045
-0.055608672459717325
-0.05593952426919052
-0.05626654721927297
-0.05658964987935684
-0.05690874065795733
-0.057223727814095265
-0.05753451946870729
-0.05784102361608172
-0.05814314813531948
-0.05844080080181773
-0.05873388929877549
-0.05902232122871985
-0.05930600412505127
-0.0595848454636069
-0.05985875267424097
-0.060127633152420715
-0.06039139427083694
-0.06064994339102829
-0.06090318787501808
-0.061151035096963055
-0.061393392454812616
-0.06163016738197842
-0.061861267359013074
-0.06208659992529739
-0.06230607269073553
-0.06251959334745753
-0.06272706968152848
-0.06292840958466403
-0.0631235210659517
-0.06331231226357792
-0.06349469145655981
-0.06367056707648236
-0.06383984771924023
-0.06400244215678402
-0.06415825934887137
-0.06430720845482246
-0.06444919884528032
-0.06458414011397588
-0.06471194208949764
-0.06483251484706712
-0.06494576872031924
-0.06505161431308887
-0.0651499625112035
-0.06524072449428277
-0.06532381174754504
-0.06539913607362205
-0.06546660960438205
-0.06552614481276202
-0.06557765452460995
-0.06562105193053765
-0.06565625059778554
-0.06568316448209971
-0.06570170793962234
-0.06571179573879689
-0.06571334307228857
-0.06570626556892149
-0.0656904793056334
-0.06566590081944948
-0.06563244711947608
-0.0655900356989158
-0.06553858454710533
-0.0654780121615769
-0.06540823756014502
-0.06532918029302007
-0.06524076045494936
-0.06514289869738803
-0.06503551624070028
-0.06491853488639311
-0.06479187702938342
-0.06465546567030045
-0.06450922442782459
-0.06435307755106418
-0.06418694993197188
-0.06401076711780176
-0.06382445532360902
-0.06362794144479315
-0.06342115306968664
-0.06320401849219
-0.06297646672445495
-0.0627384275096171
-0.06248983133457904
-0.062230609442845426
-0.06196069384741163
-0.06168001734370651
-0.06138851352259092
-0.061086116783413136
-0.06077276234712205
-0.060448386269438825
-0.06011292545408933
-0.05976631766609633
-0.059408501545133725
-0.059039416618942936
-0.05865900331681256
-0.05826720298312113
-0.05786395789094448
-0.05744921125572712
-0.05702290724901922
-0.05658499101227771
-0.056135408670733675
-0.05567410734732403
-0.055201035176689214
-0.054716141319235245
-0.05421937597526087
-0.053710690399148824
-0.05319003691362068
-0.052657368924055016
-0.05211264093286746
-0.05155580855395206
-0.050986828527183156
-0.050405658732975506
-0.049812258206902535
-0.04920658715437044
-0.04858860696534626
-0.04795828022913896
-0.04731557074923046
-0.04666044355815542
-0.04599286493242647
-0.04531280240750345
-0.0446202247928029
-0.04391510218674591
-0.04319740599184034
-0.0424671089297952
-0.04172418505666332
-0.04096860977800828
-0.040200359864092636
-0.03941941346508322
-0.038625750126269044
-0.0378193508032879
-0.037000197877357185
-0.03616827517050364
-0.035323567960787804
-0.03446606299751759
-0.03359574851644607
-0.03271261425494781
-0.03181665146716787
-0.030907852939137732
-0.029986213003852624
-0.02905172755630278
-0.028104394068453397
-0.027144211604165906
-0.02617118083405407
-0.025185304050267317
-0.024186585181195104
-0.02317502980608362
-0.022150645169558565
-0.021113440196045073
-0.020063425504077335
-0.019000613420490267
-0.017925017994483598
-0.01683665501155152
-0.015735542007268018
-0.014621698280919576
-0.013495144908976063
-0.012355904758391434
-0.011204002499723482
-0.010039464620065065
-0.008862319435775694
-0.007672597105004359
-0.00647032963999458
-0.005255550919159972
-0.0040282966989220554
-0.002788604625299165
-0.0015365142452363387
-0.00027206701766556294
0.0010046936757128148
0.0022937225199402543
0.003594972256610248
0.00490839367398997
0.0062339355974657135
0.007571544880319529
0.008921166394851488
0.010282743023855873
0.0116562156524632
0.01304152316035919
0.01443860241439129
0.01584738826157308
0.017267813522498655
0.018699808985177136
0.020143303399297093
0.021598223470935006
0.023064493857713725
0.024542037164426052
0.026030773939131124
0.02753062266973496
0.02904149978106623
0.030563319632456842
0.03209599451583689
0.033639434654355704
0.035193548201537396
0.03675824124098032
0.038333417786612825
0.03991897978351036
0.04151482710928653
0.043120857576065964
0.044736966933047025
0.04636304886966392
0.04799899501935649
0.049644694963954045
0.051300036238683816
0.05296490433780883
0.0546391827209035
0.05632275281977474
0.0580154940460336
0.05971728379932371
0.061427997476214524
0.0631475084797624
0.06487568822974535
0.06661240617357836
0.0683575297979103
0.07011092464090943
0.07187245430523949
0.07364198047172933
0.07541936291374175
0.0772044595122397
0.07899712627155439
0.0807972173358574
0.08260458500633558
0.0844190797590697
0.08624055026362036
0.0880688434023144
0.0899038042902375
0.09174527629592688
0.09359310106276306
0.09544711853106164
0.0973071669608568
0.0991730829553762
0.10104470148520384
0.10292185591312367
0.10480437801964021
0.10669209802917198
0.10858484463690855
0.11048244503632576
0.11238472494735328
0.1142915086451829
0.11620261898971367
0.1181178774556207
0.12003710416304017
0.12196011790886
0.12388673619860557
0.12581677527890758
0.12775005017054344
0.12968637470203614
0.13162556154379929
0.1335674222428157
0.1355117672578329
0.13745840599506307
0.1394071468443713
0.14135779721593594
0.14331016357736615
0.14526405149125812
0.14721926565317306
0.14917560993002135
0.15113288739883018
0.15309090038587939
0.1550494505061858
0.15700833870331296
0.15896736528949104
0.16092632998602255
0.16288503196395268
0.16484326988498588
0.16680084194262246
0.16875754590349515
0.1707131791488841
0.17266753871638413
0.17462042134170072
0.17657162350055605
0.17852094145067282
0.180468171273819
0.18241310891788282
0.18435555023895736
0.18629529104340564
0.18823212712988424
0.19016585433129624
0.192096268556651
0.1940231658328011
0.19594634234603217
0.19786559448348032
0.19978071887434715
0.20169151243088848
0.20359777238914997
0.2054992963494194
0.20739588231637618
0.2092873287389017
0.211173434549531
0.21305399920351722
0.21492882271748
0.21679770570761275
0.21866044942742335
0.22051685580497987
0.22236672747963626
0.2242098678382116
0.22604608105059593
0.22787517210476102
0.22969694684114494
0.2315112119863899
0.23331777518640517
0.235116445038735
0.23690703112420147
0.2386893440378045
0.24046319541885003
0.24222839798028778
0.24398476553723428
0.24573211303465678
0.24747025657420257
0.24919901344014436
0.25091820212442795
0.25262764235079926
0.25432715509798975
0.2560165626219438
0.2576956884770707
0.2593643575364973
0.2610223960113127
0.2626696314687819
0.264305892849515
0.26593101048357964
0.26754481610553504
0.26914714286838437
0.27073782535642055
0.2723166995969647
0.27388360307097914
0.27543837472254484
0.2769808549671965
0.27851088569910437
0.2800283102970938
0.2815329736294992
0.28302472205784024
0.2845034034393209
0.2859688671281403
0.28742096397561995
0.28885954632913474
0.2902844680298532
0.29169558440928517
0.29309275228463105
0.2944758299529414
0.2958446771840833
0.2971991552125181
0.2985391267278945
0.2998644558644607
0.30117500818930154
0.30247065068940787
0.30375125175758433
0.30501668117720776
0.30626681010583773
0.3075015110576995
0.30872065788504355
0.3099241257583973
0.3111117911457213
0.3122835317904848
0.3134392266886755
0.31457875606475866
0.31570200134660703
0.3168088451394116
0.3178991711986014
0.318972864401787
0.32002981071974723
0.32106989718648626
0.3220930118683796
0.3230990438324329
0.3240878831136817
0.32505942068175164
0.3260135484066109
0.3269501590235385
0.32786914609733886
0.3287704039858288
0.3296538278026293
0.3305193133792918
0.3313667572267874
0.33219605649639694
0.33300710894002833
0.33379981287000077
0.33457406711832405
0.3353297709955142
0.33606682424897716
0.3367851270209977
0.3374845798063722
0.33816508340972307
0.33882653890253017
0.33946884757992385
0.34009191091727364
0.3406956305266181
0.3412799081129728
0.3418446454305605
0.3423897442390038
0.3429151062595254
0.34342063313119586
0.34390622636727436
0.3443717873116867
0.34481721709568475
0.34524241659473087
0.34564728638565456
0.3460317267041264
0.346395637402495
0.34673891790803263
0.347061467181639
0.3473631836770463
0.34764396530057623
0.3479037093714941
0.34814231258300865
0.3483596709639666
0.34855567984128666
0.34873023380318613
0.3488832266632434
0.34901455142534776
0.3491241002495854
0.34921176441910795
0.34927743430803304
0.3493209993504267
0.34934234801041325
0.3493413677534658
0.3493179450189198
0.3492719651937615
0.3492033125877405
0.3491118704098506
0.3489975207462286
0.3488601445395194
0.34869962156975254
0.3485158304367792
0.3483086485443125
0.3480779520856232
0.3478236160309297
0.3475455141165338
0.34724351883574195
0.3469175014316197
0.34656733189162314
0.3461928789441473
0.3457940100570374
0.3453705914381051
0.344922488037688
0.34444956355329526
0.34395168043637986
0.34342869990127384
0.34288048193632736
0.3423068853172878
0.3417077676229553
0.3410829852531492
0.34043239344902365
0.33975584631576017
0.33905319684767454
0.33832429695576616
0.33756899749774283
0.33678714831054546
0.3359785982454054
0.3351431952054568
0.3342807861859324
0.33339121731696225
0.3324743339090014
0.3315299805009054
0.3305580009106742
0.32955823828887904
0.32853053517479147
0.32747473355522916
0.3263906749261286
0.3252782003568559
0.3241371505572674
0.32296736594752606
0.32176868673067743
0.32054095296798946
0.3192840046570606
0.31799768181268995
0.316681824550513
0.31533627317339086
0.31396086826055586
0.3125554507594925
0.31111986208055276
0.3096539441942863
0.30815753973146925
0.3066304920858173
0.3050726455193572
0.3034838452704349
0.3018639376643375
0.3002127702264935
0.29853019179822965
0.29681605265503963
0.2950702046273365
0.2932925012236496
0.2914827977562133
0.2896409514689206
0.2877668216675772
0.28586026985241364
0.2839211598528044
0.2819493579641323
0.27994473308674
0.2779071568669126
0.27583650383981634
0.2737326515743355
0.2715954808197291
0.269424875654039
0.2672207236341659
0.2649829159475428
0.2627113475653135
0.2604059173969336
0.25806652844611067
0.2556930879679814
0.2532855076274381
0.2508437036585064
0.24836759702466749
0.24585711358002996
0.24331218423123407
0.24073274509999099
0.23811873768613345
0.23547010903106597
0.23278681188150482
0.2300688048533725
0.22731605259573387
0.22452852595464645
0.2217062021367911
0.2188490648727583
0.2159571045798516
0.21303031852427712
0.2100687109825726
0.2070722934021489
0.20404108456078657
0.20097511072495094
0.19787440580678278
0.1947390115196051
0.19156897753180535
0.18836436161893874
0.185125229813895
0.18185165655498228
0.17854372483176284
0.17520152632849167
0.17182516156499464
0.168414740034825
0.16497038034055084
0.16149221032599437
0.15798036720527778
0.15443499768850924
0.15085625810394232
0.14724431451645723
0.1435993428421956
0.13992152895919274
0.1362110688138384
0.13246816852302284
0.1286930444717914
0.12488592340635854
0.12104704252233175
0.11717664954797372
0.11327500282236466
0.10934237136830788
0.10537903495982379
0.10138528418409493
0.09736142049770968
0.0933077562770674
0.08922461486279802
0.08511233059806936
0.08097124886064365
0.0768017260885498
0.0726041297992534
0.06837883860219764
0.06412624220459308
0.0598467414103498
0.055540748112036076
0.05120868527576332
0.04685098691888654
0.0424680980804439
0.03806047478422453
0.03362858399438873
0.029172903563571138
0.024693922173371324
0.020192139267184443
0.015668064975301717
0.011122220032222041
0.006555135686134907
0.0019673536005248983
-0.002640574252132082
-0.0072680857046174465
-0.011914608517175301
-0.016579560507693086
-0.021262349689873047
-0.02596237441937374
-0.030679023547936918
-0.03541167658547089
-0.04015970387006782
-0.04492246674592947
-0.04969931774915524
-0.05448960080135917
-0.059292651411038406
-0.06410779688265422
-0.0689343565333443
-0.0737716419171759
-0.07861895705687746
-0.08347559868293036
-0.08834085647992682
-0.09321401334008628
-0.09809434562379933
-0.10298112342708046
-0.10787361085578645
-0.11277106630646457
-0.1176727427536688
-0.12257788804358749
-0.12748574519382336
-0.13239555269912964
-0.13730654484294125
-0.14221795201450105
-0.14712900103137244
-0.15203891546715664
-0.15694691598417654
-0.16185222067093347
-0.1667540453840823
-0.17165160409472016
-0.1765441092387362
-0.1814307720709697
-0.18631080302294759
-0.19118341206392378
-0.1960478090649695
-0.20090320416584728
-0.20574880814439128
-0.2105838327881227
-0.21540749126781406
-0.2202189985127252
-0.22501757158721294
-0.229802430068425
-0.2345727964247916
-0.23932789639499635
-0.2440669593671457
-0.24878921875782628
-0.25349391239073377
-0.2581802828745877
-0.26284757798000613
-0.26749505101503757
-0.27212196119904614
-0.27672757403462833
-0.2813111616772629
-0.2858720033023762
-0.2904093854695239
-0.29492260248337243
-0.2994109567511783
-0.3038737591364678
-0.3083103293086057
-0.3127199960879602
-0.31710209778636694
-0.3214559825426029
-0.32578100865257487
-0.3300765448939427
-0.3343419708449006
-0.3385766771968265
-0.3427800660605485
-0.34695155126595073
-0.35109055865465466
-0.3551965263655395
-0.35926890511283677
-0.36330715845656564
-0.36731076306507876
-0.3712792089694817
-0.3752119998097161
-0.3791086530720856
-0.3829687003180322
-0.38679168740395053
-0.3905771746918681
-0.39432473725080297
-0.3980339650486306
-0.40170446313429786
-0.4053358518102309
-0.40892776679479714
-0.4124798593746809
-0.41599179654705226
-0.4194632611514165
-0.42289395199102764
-0.42628358394378707
-0.42963188806252994
-0.4329386116646213
-0.43620351841081006
-0.4394263883732718
-0.44260701809279734
-0.44574522062509997
-0.4488408255762041
-0.4518936791269063
-0.4549036440463033
-0.45787059969439037
-0.460794442013739
-0.46367508351028897
-0.46651245322328116
-0.46930649668437063
-0.4720571758659843
-0.4747644691189729
-0.47742837109964076
-0.4800488926862224
-0.48262606088490023
-0.4851599187254673
-0.4876505251467276
-0.4900979548717618
-0.49250229827317915
-0.49486366122847375
-0.49718216496564566
-0.4994579458992118
-0.5016911554567725
-0.5038819598962896
-0.5060305401142442
-0.5081370914448424
-0.5102018234504555
-0.512224959703477
-0.5142067375597822
-0.5161474079239938
-0.5180472350067518
-0.5199064960741884
-0.5217254811898272
-0.5235044929491128
-0.5252438462067909
-0.5269438677973635
-0.5286048962488383
-0.5302272814900053
-0.5318113845514636
-0.5333575772606377
-0.5348662419310137
-0.5363377710458284
-0.5377725669364553
-0.5391710414557186
-0.5405336156463781
-0.5418607194050229
-0.5431527911416116
-0.5444102774349031
-0.545633632684009
-0.5468233187563147
-0.5479798046319981
-0.5491035660453879
-0.5501950851233941
-0.5512548500212386
-0.5522833545557291
-0.5532810978362885
-0.5542485838939807
-0.5551863213087477
-0.5560948228350837
-0.5569746050263598
-0.5578261878580171
-0.5586500943498401
-0.559446850187515
-0.5602169833436809
-0.5609610236986698
-0.5616795026611379
-0.5623729527887739
-0.5630419074092788
-0.563686900241794
-0.5643084650189658
-0.5649071351098137
-0.5654834431435781
-0.5660379206347111
-0.5665710976091719
-0.567083502232186
-0.5675756604376175
-0.5680480955591021
-0.5685013279630876
-0.5689358746839144
-0.5693522490610746
-0.569750960378775
-0.5701325135079309
-0.5704974085507102
-0.5708461404877412
-0.5711791988281005
-0.5714970672621803
-0.5718002233175462
-0.5720891380178774
-0.5723642755450884
-0.5726260929047219
-0.5728750395946989
-0.5731115572775118
-0.573336079455941
-0.5735490311523683
-0.5737508285917672
-0.5739418788884363
-0.5741225797365467
-0.5742933191045678
-0.5744544749336383
-0.574606414839938
-0.5747494958211263
-0.5748840639669006
-0.5750104541737326
-0.5751289898638378
-0.5752399827084305
-0.5753437323553178
-0.5754405261608864
-0.5755306389265313
-0.57561433263958
-0.5756918562187628
-0.5757634452642828
-0.5758293218125354
-0.5758896940955318
-0.5759447563050828
-0.5759946883617935
-0.5760396556889291
-0.57607980899121
-0.5761152840385946
-0.5761462014551126
-0.5761726665128168
-0.5761947689309141
-0.5762125826801509
-0.5762261657925237
-0.576235560176392
-0.5762407914370696
-0.5762418687029808
-0.5762387844574665
-0.576231514376329
-0.5762200171712134
-0.5762042344389195
-0.5761840905167515
-0.5761594923440092
-0.5761303293297374
-0.5760964732268418
-0.5760577780127032
-0.5760140797764088
-0.5759651966127352
-0.575910928523017
-0.5758510573230493
-0.5757853465581597
-0.5757135414256132
-0.5756353687045
-0.5755505366932713
-0.5754587351550902
-0.5753596352711713
-0.5752528896022863
-0.5751381320586176
-0.5750149778781538
-0.5748830236138092
-0.5747418471294777
-0.5745910076052164
-0.5744300455517651
-0.5742584828346193
-0.5740758227078677
-0.5738815498580135
-0.5736751304580091
-0.5734560122317227
-0.5732236245290757
-0.5729773784120779
-0.5727166667520004
-0.5724408643379244
-0.5721493279969049
-0.571841396725995
-0.5715163918363707
-0.5711736171098043
-0.5708123589677304
-0.57043188665315
-0.570031452425619
-0.569610291769563
-0.5691676236161652
-0.5687026505790653
-0.56821455920411
-0.5677025202333924
-0.5671656888838095
-0.5666032051403712
-0.5660141940644806
-0.5653977661174071
-0.5647530174991648
-0.5640790305030019
-0.5633748738857027
-0.5626396032538897
-0.5618722614665147
-0.5610718790537069
-0.5602374746521448
-0.5593680554571091
-0.5584626176913465
-0.557520147090893
-0.5565396194079535
-0.5555200009309553
-0.5544602490218627
-0.5533593126708182
-0.5522161330681781
-0.5510296441939829
-0.5497987734248799
-0.5485224421585114
-0.5471995664553515
-0.5458290576979646
-0.5444098232676228
-0.5429407672382203
-0.5414207910873827
-0.5398487944246498
-0.5382236757366018
-0.5365443331487507
-0.5348096652040188
-0.5330185716575793
-0.5311699542878271
-0.5292627177232102
-0.5272957702846208
-0.5252680248430373
-0.52317839969206
-0.5210258194349598
-0.5188092158858455
-0.5165275289844995
-0.5141797077244283
-0.5117647110936224
-0.5092815090275078
-0.5067290833735291
-0.504106428866777
-0.5014125541160445
-0.49864648259966177
-0.4958072536704294
-0.49289392356894035
-0.489905566444549
-0.4868412753832205
-0.4837001634414414
-0.4804813646853774
-0.477184035234408
-0.4738073543081345
-0.4703505252759589
-0.4668127767082637
-0.4631933634282325
-0.45949156756328186
-0.4557066995950902
-0.45183809940715985
-0.4478851373288145
-0.44384721517453746
-0.4397237672775198
-0.43551426151624023
-0.43121820033292774
-0.4268351217426933
-0.4223646003321237
-0.41780624824609014
-0.41315971616154756
-0.4084246942470363
-0.4036009131066177
-0.39868814470695924
-0.39368620328626563
-0.3885949462437489
-0.38341427500832614
-0.37814413588522167
-0.3727845208791655
-0.36733546849284315
-0.3617970644993024
-0.35616944268698747
-0.3504527855760735
-0.34464732510483415
-0.3387533432847078
-0.33277117282280816
-0.32670119771058664
-0.3205438537774168
-0.3142996292078513
-0.30796906502134275
-0.30155275551323907
-0.2950513486558952
-0.28846554645874684
-0.28179610528626803
-0.27504383613271033
-0.26820960485262446
-0.26129433234611216
-0.2542989946978978
-0.24722462326928119
-0.24007230474208505
-0.2328431811137927
-0.22553844964309575
-0.2181593627451123
-0.2107072278356014
-0.20318340712357577
-0.19558931735174134
-0.1879264294842366
-0.1801962683412861
-0.17240041218034324
-0.16454049222341674
-0.1566181921303583
-0.14863524741790496
-0.14059344482439062
-0.13249462162004408
-0.12434066486297167
-0.11613351060087164
-0.10787514301867279
-0.09956759353237021
-0.09121293982937448
-0.08281330485574848
-0.07437085575087786
-0.06588780273006131
-0.05736639791570808
-0.04880893411780854
-0.040217743564506574
-0.03159519658360822
-0.022943700235977468
-0.01426569690183263
-0.005563662821031682
0.0031598934114777702
0.011902432393833765
0.020661385507726025
0.029434156549760303
0.03821812340232953
0.047010639742409085
0.055809036786722596
0.06461062507164714
0.07341269626610784
0.08221252501573648
0.09100737081641183
0.09979447991537081
0.10857108723788553
0.11733441833755043
0.1260816913681575
0.1348101190750556
0.14351691080387302
0.1521992745244607
0.16085441886786125
0.16947955517404834
0.17807189954819563
0.1866286749232193
0.19514711312622396
0.203624456946586
0.21205796220332282
0.22044489980937063
0.22878255783044288
0.23706824353609254
0.24529928544062118
0.2534730353314752
0.2615868702827704
0.2696381946516317
0.27762444205498993
0.28554307732454565
0.2933915984376451
0.30116753842175376
0.3088684672303662
0.31649199358811597
0.3240357668029717
0.3314974785433733
0.33887486457827
0.34616570647803263
0.35336783327428084
0.36047912307671515
0.367497504645097
0.37442095891461225
0.38124752047287125
0.38797527898688355
0.39460238057846647
0.4011270291465247
0.4075474876347883
0.4138620792436577
0.42006918858486103
0.42616726277772565
0.4321548124859648
0.4380304128939489
0.44379270462150444
0.44944039457639834
0.4549722567437547
0.4603871329117112
0.46568393333273683
0.47086163732012887
0.47591929377928904
0.48085602167346136
0.48567101042372024
0.49036352024310725
0.4949328824048489
0.499378499444746
0.503699845297883
0.507896465369883
0.5119679765430547
0.5159140671178444
0.519734496690097
0.5234290959647182
0.5269977665064086
0.5304404804282321
0.5337572800188398
0.5369482773092824
0.5400136535803707
0.5429536588116821
0.5457686110733132
0.5484588958615966
0.5510249653800467
0.5534673377668623
0.555786596270374
0.55798338837389
0.5600584248714392
0.5620124788959653
0.5638463849015719
0.5655610376014735
0.5671573908633334
0.5686364565637151
0.5699993034034248
0.5712470556855229
0.5723808920578407
0.5734020442218468
0.5743117956097405
0.5751114800316549
0.575802480294884
0.5763862267970489
0.5768641960951297
0.5772379094522961
0.5775089313644726
0.5776788680685689
0.5777493660343112
0.5777221104415893
0.5775988236452362
0.5773812636291354
0.5770712224515422
0.5766705246834755
0.5761810258420251
0.5756046108203915
0.5749431923164388
0.5741987092615283
0.5733731252513548
0.5724684269804744
0.571486622682181
0.570429740575346
0.569299827319796
0.5680989464817546
0.5668291770108383
0.5654926117300467
0.5640913558401323
0.5626275254396953
0.5611032460622924
0.5595206512317977
0.5578818810371958
0.5561890807279462
0.5544443993309844
0.5526499882903819
0.5508080001306278
0.5489205871444319
0.5469899001059089
0.5450180870099096
0.5430072918382552
0.540959653353532
0.5388773039210603
0.5367623683596021
0.5346169628213016
0.5324431937012926
0.530243156577368
0.5280189351800316
0.5257726003932018
0.5235062092857854
0.5212218041742785
0.5189214117165121
0.5166070420365768
0.5142806878809503
0.511944323805766
0.5095999053951277
0.5072493685103219
0.5048946285697407
0.5025375798592648
0.5001800948728335
0.4978240236828614
0.49547119334014667
0.49312340730284554
0.4907824448940778
0.48845006078766995
0.4861279845215159
0.4838179200379979
0.4815215452508856
0.47924051163808606
0.4769764438595996
0.47473093940000677
0.4725055682347837
0.4703018725197185
0.46812136630267986
0.4659655352569698
0.46383583643547166
0.46173369804478204
0.4596605192385099
0.45761766992890873
0.455606490615978
0.4536282922331904
0.4516843560089677
0.4497759333430274
0.44790424569671283
0.44607048449643116
0.4442758110492957
0.4425213564700817
0.4408082216186085
0.43913747704665523
0.4375101629535122
0.43592728914929957
0.43438983502516126
0.43289874952947405
0.4314549511491986
0.4300593278955274
0.4287127372929895
0.4274160063711711
0.4261699316582548
0.424975279175561
0.4238327844323162
0.4227431524198782
0.42170705760467264
0.42072514391910787
0.41979802474976535
0.41892628292217504
0.41811047068151724
0.4173511096686062
0.4166486908905452
0.4160036746854631
0.41541649068077313
0.41488753774441484
0.41441718392857746
0.4140057664054334
0.41365359139442603
0.4133609340807074
0.4131280385243412
0.41295511755991965
0.412842352686283
0.41278989394605686
0.41279785979476646
0.4128663369593118
0.41299538028563687
0.41318501257545187
0.4134352244119117
0.41374597397419427
0.4141171868409471
0.4145487557826363
0.41504054054284373
0.4155923676086161
0.4162040299700093
0.41687528686900344
0.417605863538019
0.4183954509282971
0.4192437054284489
0.4201502485735367
0.4211146667450675
0.4221365108623504
0.4232152960656938
0.4243505013919681
0.4255415694431069
0.426787906048161
0.4280888799195605
0.42944382230429157
0.4308520266307341
0.43231274815194565
0.43382520358623555
0.435388570755897
0.43700198822502606
0.4386645549373896
0.44037532985534383
0.4421333316008601
0.44393753809974207
0.44578688623016816
0.44768027147672346
0.449616547591144
0.4515945262610079
0.45361297678766616
0.4556706257747376
0.45776615682851995
0.45989821027170663
0.46206538287184556
0.46426622758598246
0.46649925332297865
0.4687629247250169
0.47105566196984067
0.4733758405952767
0.4757217913476433
0.47809180005564444
0.4804841075313794
0.4828969095001031
0.4853283565604076
0.4877765541764799
0.49023956270411606
0.4927153974521804
0.49520202878119113
0.4976973822407209
0.5001993387472925
0.5027057348044625
0.5052143627667399
0.5077229711490219
0.5102292649831695
0.5127309062233619
0.5152255142018152
0.5177106661364507
0.5201838976920509
0.522642703596414
0.5250845383129759
0.5275068167713352
0.5299069151570558
0.5322821717620884
0.5346298878970757
0.5369473288667799
0.5392317250097725
0.5414802728034745
0.5436901360355815
0.5458584470427896
0.5479823080177028
0.5500587923846801
0.5520849462453253
0.5540577898941935
0.5559743194052197
0.5578315082892608
0.5596263092230315
0.5613556558496076
0.5630164646505684
0.5646056368897057
0.5661200606281274
0.5675566128104454
0.5689121614216167
0.5701835677138569
0.5713676885029331
0.5724613785329827
0.5734614929088729
0.5743648895949653
0.5751684319790105
0.5758689914997344
0.5764634503365416
0.5769487041595931
0.5773216649383723
0.5775792638066892
0.5777184539819151
0.5777362137360947
0.5776295494164042
0.5773954985122831
0.5770311327664044
0.5765335613264879
0.5758999339348108
0.5751274441521119
0.574213332612441
0.5731548903053437
0.5719494618816379
0.5705944489788847
0.569087313562525
0.5674255812785071
0.5656068448131149
0.5636287672555564
0.5614890854587788
0.5591856133938362
0.5567162454930442
0.554078959977039
0.5512718221607804
0.5482929877334276
0.5451407060069534
0.5418133231282819
0.5383092852496777
0.5346271416520421
0.5307655478157475
0.5267232684336014
0.5224991803604713
0.5180922754941425
0.5135016635819216
0.5087265749475401
0.5037663631328866
0.49862050744918257
0.4932886154321901
0.487770425196118
0.4820658076809666
0.4761747687881004
0.47009745139890524
0.4638341372715502
0.45738524881088494
0.45075135070670763
0.4439331514357028
0.4369315046225437
0.42974741025576835
0.4223820157542167
0.4148366168799992
0.40711265849414136
0.3992117351512645
0.3911355915298379
0.3828861226948125
0.37446537418961745
0.36587554195478506
0.357118972070687
0.3481981603221629
0.33911575158302487
0.3298745390187904
0.32047746310617653
0.31092761046829465
0.30122821252463977
0.29138264395543295
0.28139442098007245
0.2712671994497867
0.2610047727549469
0.250611069547789
0.24009015128160804
0.22944620956783007
0.21868356335273648
0.2078066559158961
0.19682005169267588
0.18572843292364802
0.17453659613389166
0.16324944844559772
0.15187200372773002
0.1404093785867462
0.12886678820276656
0.11724954201579879
0.10556303926707698
0.09381276440070223
0.08200428233115332
0.07014323358252889
0.058235329305603205
0.046286346179013144
0.03430212120127433
0.022288546380371272
0.010251563328060515
-0.0018028422338962386
-0.013868646048038079
-0.02593979096843284
-0.038010192672984874
-0.0500737454328444
-0.06212432793080219
-0.07415580912041032
-0.08616205411751796
-0.09813693011574548
-0.11007431231736618
-0.12196808987110097
-0.1338121718081231
-0.14560049296767624
-0.15732701990368356
-0.1689857567636599
-0.1805707511313815
-0.19207609982468019
-0.2034959546399608
-0.21482452803493127
-0.22605609874126553
-0.23718501729900882
-0.24820571150461043
-0.2591126917646605
-0.269900556347578
-0.2805639965256642
-0.29109780160009435
-0.30149686380167734
-0.31175618306045844
-0.3218708716373614
-0.33183615861146787
-0.34164739421671175
-0.3513000540220288
-0.3607897429493536
-0.37011219912410964
-0.37926329755316546
-0.3882390536255475
-0.39703562643152046
-0.4056493218960169
-0.4140765957226796
-0.4223140561451849
-0.430358466482876
-0.4382067474980087
-0.44585597955240425
-0.4533034045615514
-0.46054642774465715
-0.4675826191694349
-0.4744097150908526
-0.48102561908338903
-0.4874284029667232
-0.4936163075251462
-0.4995877430213264
-0.5053412895054427
-0.5108756969210093
-0.5161898850090679
-0.5212829430127991
-0.5261541291848547
-0.5308028701000909
-0.5352287597766773
-0.5394315586088406
-0.543411192114796
-0.5471677495037233
-0.5507014820658828
-0.554012801390228
-0.5571022774141297
-0.5599706363100557
-0.5626187582142526
-0.5650476748027058
-0.5672585667198352
-0.5692527608655746
-0.5710317275466275
-0.5725970774978756
-0.5739505587800391
-0.5750940535598061
-0.5760295747787775
-0.5767592627176641
-0.5772853814622472
-0.5776103152776986
-0.5777365648978993
-0.5776667437364436
-0.5774035740260426
-0.576949882893051
-0.5763085983738467
-0.5754827453797801
-0.5744754416173747
-0.5732898934704406
-0.5719293918506895
-0.5703973080233957
-0.5686970894145614
-0.5668322554059608
-0.5648063931243397
-0.5626231532309514
-0.5602862457174604
-0.5577994357141579
-0.5551665393162608
-0.5523914194339474
-0.5494779816716022
-0.5464301702416051
-0.5432519639178226
-0.5399473720337647
-0.5365204305302226
-0.5329751980569917
-0.529315752133092
-0.5255461853697119
-0.521670601759901
-0.5176931130388192
-0.5136178351181494
-0.5094488845980817
-0.5051903753600613
-0.5008464152432501
-0.49642110280750673
-0.4919185241854015
-0.4873427500256115
-0.48269783252983334
-0.47798780258511253
-0.47321666699330217
-0.46838840579914326
-0.46350696971825955
-0.45857627766616454
-0.4536002143891473
-0.4485826281977645
-0.4435273288034127
-0.4384380852583133
-0.4333186239990302
-0.4281726269934801
-0.42300372999121505
-0.417815520876571
-0.4126115381241541
-0.40739526935592923
-0.40217014999906014
-0.3969395620434836
-0.3917068328980648
-0.38647523434405445
-0.3812479815844168
-0.3760282323875005
-0.37081908632340754
-0.36562358409125867
-0.3604447069355254
-0.3552853761494366
-0.3501484526634129
-0.3450367367163616
-0.33995296760764376
-0.3348998235273865
-0.32987992146277645
-0.3248958171779277
-0.3199500052648279
-0.31504491926282285
-0.31018293184408324
-0.3053663550624294
-0.30059744066286337
-0.2958783804491298
-0.2912113067066225
-0.28659829267790743
-0.28204135308812445
-0.2775424447175575
-0.2731034670186079
-0.2687262627744242
-0.26441261879648426
-0.2601642666583612
-0.25598288346299175
-0.251870092640719
-0.24782746477545292
-0.2438565184562777
-0.23995872115187034
-0.23613549010515003
-0.2323881932455571
-0.22871815011646096
-0.22512663281516268
-0.22161486694305466
-0.21818403256351887
-0.21483526516517654
-0.2115696566281669
-0.20838825619117782
-0.20529207141698577
-0.20228206915432123
-0.19935917649393703
-0.1965242817167913
-0.19377823523232038
-0.19112185050482822
-0.18855590496609198
-0.1860811409122986
-0.18369826638353176
-0.1814079560240578
-0.17921085192171762
-0.1771075644248083
-0.17509867293487563
-0.17318472667391968
-0.17136624542454448
-0.16964372024168295
-0.16801761413455557
-0.1664883627175916
-0.16505637482910843
-0.1637220331165992
-0.16248569458753426
-0.1613476911246527
-0.16030832996477523
-0.15936789414023056
-0.15852664288204305
-0.1577848119841066
-0.15714261412760588
-0.15660023916502852
-0.1561578543631576
-0.155815604604509
-0.15557361254672014
-0.1554319787394791
-0.15539078169862233
-0.1554500779371178
-0.1556099019526785
-0.1558702661718428
-0.15623116085040933
-0.15669255393016385
-0.15725439085192974
-0.15791659432499622
-0.15867906405308177
-0.1595416764170281
-0.1605042841144932
-0.16156671575697706
-0.16272877542458253
-0.16399024217897445
-0.1653508695350683
-0.16681038489204747
-0.1683684889243848
-0.17002485493359493
-0.1717791281615271
-0.17363092506607763
-0.1755798325602653
-0.17762540721568557
-0.17976717443144044
-0.18200462756969993
-0.18433722705913033
-0.18676439946750112
-0.18928553654485414
-0.191899994238693
-0.19460709168271284
-0.19740611016070722
-0.20029629204729882
-0.20327683972728403
-0.2063469144954097
-0.20950563543850412
-0.21275207830193832
-0.21608527434249336
-0.21950420916976082
-0.22300782157830257
-0.2265950023728446
-0.23026459318888398
-0.2340153853111312
-0.2378461184922966
-0.24175547977481515
-0.24574210231813393
-0.2498045642343026
-0.2539413874346335
-0.2581510364902893
-0.262431917509703
-0.2667823770358089
-0.27120070096609283
-0.2756851134985796
-0.2802337761068612
-0.28484478654735945
-0.28951617790206896
-0.2942459176600304
-0.29903190684084074
-0.3038719791635783
-0.3087639002644675
-0.3137053669667149
-0.3186940066059071
-0.3237273764144305
-0.3288029629683131
-0.3339181816999578
-0.3390703764802069
-0.3442568192731455
-0.3494747098670744
-0.35472117568504524
-0.3599932716783161
-0.36528798030604226
-0.3706022116045008
-0.37593280334908524
-0.3812765213122142
-0.38663005962027924
-0.39199004121267317
-0.3973530184058036
-0.40271547356499393
-0.40807381988698765
-0.41342440229573163
-0.4187634984539367
-0.4240873198928363
-0.4293920132623998
-0.43467366170412386
-0.439928286348363
-0.4451518479380217
-0.4503402485802189
-0.4554893336274061
-0.4605948936891727
-0.46565266677585543
-0.47065834057477207
-0.4756075548597534
-0.4804959040344133
-0.4853189398093332
-0.49007217401315367
-0.49475108153726455
-0.4993511034136056
-0.503867650024751
-0.5082961044452491
-0.5126318259129047
-0.5168701534283955
-0.5210064094813512
-0.5250359039007617
-0.5289539378272394
-0.5327558078044239
-0.5364368099864841
-0.5399922444584146
-0.5434174196654721
-0.5467076569478571
-0.5498582951764137
-0.5528646954848194
-0.5557222460934504
-0.5584263672198275
-0.5609725160702039
-0.5633561919066293
-0.5655729411834896
-0.5676183627472688
-0.5694881130929901
-0.5711779116705278
-0.5726835462337301
-0.5740008782250198
-0.5751258481879179
-0.5760544811996842
-0.5767828923160557
-0.5773072920198452
-0.5776239916649728
-0.5777294089073032
-0.5776200731135085
-0.5772926307389998
-0.5767438506658492
-0.575970629491484
-0.574969996758839
-0.573739120118561
-0.5722753104137845
-0.5705760266779552
-0.5686388810361412
-0.5664616435002646
-0.5640422466486917
-0.5613787901806622
-0.558469545336078
-0.5553129591712526
-0.5519076586813288
-0.54825245476018
-0.5443463459887441
-0.5401885222429412
-0.5357783681124688
-0.5311154661219925
-0.526199599746501
-0.5210307562128185
-0.5156091290795616
-0.5099351205880933
-0.5040093437774014
-0.4978326243560959
-0.49140600232510456
-0.48473073334504535
-0.47780828984260726
-0.47064036185067476
-0.46322885757742815
-0.4555759036999886
-0.44768384537873296
-0.43955524598879064
-0.4311928865657995
-0.4225997649634233
-0.41377909472068775
-0.40473430363768964
-0.39546903205876466
-0.385987130862751
-0.3762926591604845
-0.3663898817002631
-0.3562832659825687
-0.3459774790857983
-0.3354773842054645
-0.32478803690977276
-0.3139146811150565
-0.3028627447851765
-0.29163783535944016
-0.28024573491427296
-0.26869239506425147
-0.25698393160882566
-0.24512661893145857
-0.2331268841584452
-0.22099130108523304
-0.2087265838785157
-0.19633958056283438
-0.183837266300892
-0.1712267364772723
-0.15851519959561974
-0.14570996999971797
-0.13281846042941894
-0.1198481744225605
-0.10680669857444078
-0.09370169466675127
-0.0805408916780743
-0.0673320776883687
-0.05408309169007542
-0.04080181531867971
-0.02749616451575993
-0.014174081137638244
-0.0008435245229644482
0.012487536967426967
0.025811134425011734
0.03911930686887067
0.0524041097084449
0.06565762318025262
0.07887196074527532
0.09203927743368094
0.1051517781237762
0.11820172574216278
0.13118144937226575
0.14408335225860158
0.15689991969436173
0.1696237267801943
0.1822474460422695
0.19476385489803497
0.20716584295849427
0.21944641915601246
0.2315987186871609
0.24361600976048392
0.2554917001394222
0.2672193434711027
0.278792645392172
0.29020546940329456
0.30145184250438517
0.31252596058319826
0.32342219355040297
0.3341350902147455
0.34465938289245057
0.35498999174564166
0.3651220288449507
0.3750508019521901
0.3847718180194239
0.3942807864014335
0.40357362177900524
0.4126464467911821
0.42149559437510287
0.43011760981260866
0.4385092524834057
0.4466674973251035
0.4545895360009573
0.46227277777677017
0.46971485010885866
0.4769135989455027
0.4838670887448949
0.490573602213002
0.4970316397652508
0.5032399187164467
0.5091973722037615
0.5149031478480438
0.5203566061591014
0.5255573186910604
0.5305050659542165
0.535199835090154
0.5396418173172658
0.543831405154114
0.5477691894283393
0.5514559560790941
0.5548926827612766
0.5580805352599727
0.5610208637238239
0.5637151987261162
0.5661652471626323
0.5683728879953903
0.5703401678515231
0.5720692964866698
0.57356264212228
0.5748227266663308
0.5758522208269561
0.5766539391285025
0.5772308348395432
0.5775859948223143
0.5777226343130265
0.5776440916424153
0.5773538229058205
0.5768553965919874
0.5761524881796515
0.5752488747108465
0.574148429349725
0.5728551159355044
0.5713729835379903
0.5697061610239202
0.5678588516421745
0.5658353276356858
0.5636399248876444
0.5612770376093572
0.5587511130768749
0.5560666464232502
0.5532281754930054
0.5502402757651291
0.547107555350653
0.5438346500705554
0.5404262186194531
0.5368869378202581
0.5332214979746984
0.5294345983142377
0.5255309425557289
0.5215152345657289
0.5173921741372032
0.5131664528819623
0.5088427502419238
0.5044257296220122
0.49992003464713214
0.49533028554548736
0.4906610756600858
0.48591696809014084
0.48110249246366055
0.4762221418423394
0.4712803697595897
0.4662815873922185
0.46123016086612134
0.4561304086960012
0.4509865993589538
0.4458029490015343
0.4405836192796191
0.4353327153302856
0.4300542838745802
0.424752311450004
0.4194307227712061
0.41409337921730033
0.40874407744401287
0.403386548118695
0.39802445477609144
0.3926613927925997
0.3873008884766725
0.38194639827278937
0.3766013080763872
0.37126893265701755
0.36595251518686395
0.36065522687168017
0.3553801666811254
0.350130361175428
0.34490876442516427
0.339718258020948
0.3345616511697687
0.32944168087463527
0.32436101219416874
0.31932223857874764
0.3143278822798357
0.30938039482900587
0.30448215758325126
0.29963548233316906
0.29484261197051465
0.2901057212117585
0.2854269173741987
0.2808082412012281
0.27625166773339127
0.27175910722190233
0.26733240608126524
0.26297334787778337
0.25868365435066903
0.2544649864625905
0.25031894547652944
0.24624707405582577
0.2422508573843972
0.23833172430415958
0.234491048466728
0.2307301494965167
0.22705029416250605
0.22345269755588865
0.21993852427097582
0.216508889586778
0.21316486064672308
0.20990745763407517
0.2067376549407058
0.20365638232688113
0.20066452606986768
0.19776293009921223
0.19495239711660095
0.19223368969832919
0.18960753137843242
0.1870746077106536
0.1846355673074795
0.18229102285453452
0.18004155209873063
0.1778876988086316
0.17582997370555536
0.1738688553640233
0.17200479108025377
0.17023819770743187
0.16856946245659865
0.16699894366206597
0.16552697151031118
0.1641538487314122
0.1628798512521383
0.16170522880986168
0.16063020552657786
0.1596549804423269
0.15877972800742163
0.15800459853294543
0.1573297185990371
0.15675519142055444
0.15628109716978617
0.15590749325592235
0.15563441456107868
0.15546187363272507
0.1553898608324357
0.1554183444409364
0.1555472707194972
0.15577656392777003
0.15610612629824155
0.1565358379675293
0.15706555686481485
0.15769511855776086
0.15842433605632741
0.15925299957497469
0.16018087625376065
0.1612077098389609
0.16233322032384795
0.16355710355035677
0.1648790307724089
0.1662986481817471
0.16781557639716171
0.16942940991808697
0.1711397165435819
0.1729460367577671
0.1748478830828762
0.17684473940111997
0.17893606024660438
0.18112127006866532
0.18339976246795706
0.18577089940677766
0.1882340103951075
0.19078839165392394
0.1934333052574288
0.19616797825585436
0.19899160178058342
0.20190333013338815
0.20490227986164095
0.2079875288213847
0.21115811523026257
0.21441303671229522
0.21775124933658935
0.22117166665211352
0.22467315872071106
0.2282545511505655
0.23191462413241812
0.2356521114808587
0.2394656996830292
0.2433540269572061
0.2473156823236623
0.2513492046903436
0.2554530819558878
0.25962575013251
0.26386559249142116
0.26817093873336506
0.2725400641869258
0.27697118903731127
0.28146247758830173
0.2860120375600514
0.29061791942551524
0.2952781157882185
0.299990560804084
0.30475312965011275
0.30956363804262327
0.3144198418077806
0.3193194365071512
0.32426005712096645
0.3292392777917987
0.3342546116312819
0.33930351059249225
0.344383365410589
0.3494915056142499
0.35462519961035943
0.3597816548444244
0.3649580180390737
0.3701513755129147
0.3753587535820477
0.380577119046316
0.3858033797624082
0.3910343853057739
0.39626692772324335
0.4014977423780877
0.4067235088892475
0.4119408521662109
0.4171463435410223
0.42233650199869865
0.4275077955071953
0.43265664244798707
0.4377794131481147
0.4428724315144224
0.4479319767705522
0.4529542852971298
0.4579355525753248
0.4628719352338976
0.46775955319960205
0.4725944919506234
0.4773728048726068
0.4820905157165879
0.4867436211579265
0.4913280934552383
0.4958398832079884
0.500274922211337
0.5046291264065178
0.508898398924874
0.513078633223478
0.5171657163100121
0.5211555320543795
0.5250439645843544
0.52882690176231
0.5325002387398601
0.5360598815870902
0.5395017509927863
0.5428217860318787
0.5460159479961506
0.5490802242840227
0.552010632345009
0.5548032236743354
0.5574540878529074
0.5599593566277251
0.5623152080276196
0.5645178705090123
0.5665636271262662
0.5684488197210131
0.5701698531246905
0.5717231993684095
0.5731054018941141
0.5743130797608796
0.5753429318400907
0.5761917409931366
0.5768563782251568
0.5773338068083093
0.5776210863679535
0.5777153769250859
0.5776139428883218
0.5773141569886951
0.5768135041505146
0.5761095852915259
0.5752001210456321
0.5740829554014483
0.5727560592500064
0.571217533834986
0.5694656140988967
0.5674986719187357
0.5653152192247439
0.5629139109959751
0.5602935481265342
0.5574530801564942
0.5543916078616205
0.5511083856962309
0.5476028240837074
0.5438744915493422
0.5399231166904238
0.5357485899787491
0.5313509653908555
0.5267304618616719
0.521887464557418
0.5168225259639234
0.5115363667868278
0.5060298766603493
0.5003041146616748
0.49436030962834054
0.4881998602762163
0.4818243351161129
0.4752354721673424
0.46843517846688704
0.4614255293731547
0.454208767663746
0.44678730242687786
0.4391637077465577
0.4313407211819706
0.4233212420417849
0.41510832945462534
0.4067052002371424
0.3981152265615771
0.3893419334250922
0.38038899592338926
0.3712602363315636
0.3619596209955822
0.3524912570378693
0.3428593888810689
0.3330683945943054
0.3231227820665059
0.3130271850117733
0.3027863588121084
0.29240517620297146
0.28188862280756427
0.2712417925260155
0.2604698827857859
0.24957818965996076
0.2385721028604516
0.2274571006130141
0.2162387444216463
0.20492267372975842
0.19351460048589422
0.18202030362195268
0.17044562345186845
0.1587964559989852
0.14707874726047854
0.1352984874171486
0.12346170499712152
0.11157446100208365
0.0996428430045302
0.08767295922480635
0.0756709325965459
0.0636428948291104
0.05159498047579328
0.03953332101625309
0.027464038961769438
0.015393241991833074
0.0033270171303459426
-0.008728575030255913
-0.020767506048765982
-0.03278378529094966
-0.0447714655134026
-0.05672464836771895
-0.06863748981768421
-0.08050420546206827
-0.09231907575592056
-0.10407645112359928
-0.11577075695686281
-0.12739649849159898
-0.13894826555716733
-0.15042073719245538
-0.16180868612301907
-0.17310698309414826
-0.18431060105469538
-0.195414619187131
-0.20641422677930196
-0.21730472693386915
-0.22808154011167314
-0.23874020750556857
-0.24927639424155607
-0.25968589240450834
-0.2699646238859768
-0.2801086430519024
-0.29011413922850876
-0.2999774390048583
-0.3096950083508771
-0.31926345455013805
-0.32867952794679406
-0.3379401235065372
-0.34704228219176037
-0.3559831921512787
-0.3647601897254753
-0.37337076026788785
-0.38181253878456534
-0.3900833103929125
-0.39818101060191247
-0.40610372541589873
-0.41384969126440624
-0.4214172947607837
-0.4288050722925232
-0.4360117094465177
-0.4430360402727045
-0.44987704638965914
-0.4565338559360525
-0.46300574237197684
-0.469292123134319
-0.4753925581506395
-0.48130674821600394
-0.48703453323752144
-0.49257589035137217
-0.4979309319172335
-0.5030999033952034
-0.5080831811103018
-0.5128812699097913
-0.5174948007186185
-0.5219245279983162
-0.5261713271147426
-0.530236191620134
-0.5341202304549058
-0.5378246650746565
-0.5413508265078921
-0.5447001523499071
-0.5478741836982709
-0.5508745620353575
-0.5537030260633002
-0.5563614084966702
-0.5588516328182194
-0.5611757100028439
-0.5633357352149442
-0.5653338844842307
-0.5671724113649349
-0.5688536435833184
-0.5703799796782425
-0.571753885639456
-0.5729778915481577
-0.5740545882242614
-0.5749866238846544
-0.5757767008166299
-0.576427572070529
-0.5769420381754853
-0.5773229438820296
-0.5775731749351709
-0.5776956548814018
-0.5776933419129571
-0.5775692257524695
-0.5773263245810396
-0.5769676820125611
-0.5764963641170016
-0.5759154564951714
-0.5752280614073643
-0.5744372949580917
-0.573546284338978
-0.5725581651317269
-0.571476078672923
-0.5703031694822625
-0.5690425827556715
-0.5676974619246207
-0.5662709462827783
-0.5647661686810217
-0.5631862532916789
-0.5615343134427146
-0.5598134495224664
-0.558026746955385
-0.556177274249099
-0.5542680811130196
-0.5523021966485521
-0.5502826276108738
-0.5482123567421363
-0.546094341175804
-0.5439315109117675
-0.5417267673617552
-0.5394829819644591
-0.5372029948697028
-0.534889613690908
-0.5325456123249825
-0.5301737298387313
-0.5277766694207694
-0.525357097397849
-0.5229176423144842
-0.5204608940746311
-0.5179894031441638
-0.5155056798128371
-0.5130121935143315
-0.5105113722029694
-0.5080056017856497
-0.5054972256074695
-0.5029885439895004
-0.5004818138171766
-0.4979792481776492
-0.4954830160445161
-0.49299524200829015
-0.4905180060509243
-0.4880533433627426
-0.4856032442000988
-0.48316965378206045
-0.48075447222445467
-0.47835955450956447
-0.47598671048980207
-0.47363770492369095
-0.47131425754245704
-0.4690180431456015
-0.46675069172379224
-0.4645137886074471
-0.46230887463939346
-0.46013744637003323
-0.4580009562734185
-0.455900812982708
-0.4538383815434951
-0.4518149836834963
-0.4498318980971592
-0.44789036074375804
-0.4459915651575651
-0.44413666276876723
-0.44232676323376524
-0.44056293477358904
-0.43884620451916945
-0.4371775588622485
-0.43555794381075275
-0.43398826534750196
-0.43246938979114347
-0.4310021441582724
-0.42958731652571946
-0.42822565639203525
-0.4269178750372508
-0.4256646458800217
-0.42446660483133064
-0.4233243506439311
-0.4222384452568061
-0.4212094141339071
-0.4202377465965298
-0.41932389614870125
-0.4184682807949913
-0.4176712833502368
-0.41693325174067497
-0.41625449929604696
-0.41563530503227436
-0.41507591392434984
-0.41457653716912046
-0.41413735243770833
-0.4137585041173243
-0.4134401035422932
-0.4131822292141512
-0.4129849270107012
-0.412848210383968
-0.4127720605470302
-0.41275642664974377
-0.41280122594341123
-0.4129063439344921
-0.4130716345274868
-0.41329692015716124
-0.4135819919103164
-0.41392660963734684
-0.41433050205386723
-0.4147933668327075
-0.41531487068663564
-0.41589464944217364
-0.4165323081049249
-0.41722742091684895
-0.4179795314059621
-0.41878815242895373
-0.41965276620726394
-0.4205728243571689
-0.42154774791446387
-0.4225769273543543
-0.4236597226071905
-0.4247954630707135
-0.4259834476194768
-0.42722294461217225
-0.42851319189757375
-0.4298533968198379
-0.4312427362239434
-0.43268035646204217
-0.43416537340151073
-0.4356968724355341
-0.4372739084970432
-0.43889550607682754
-0.44056065924670346
-0.4422683316885845
-0.44401745673031584
-0.4458069373891649
-0.44763564642384707
-0.44950242639596644
-0.45140608974176966
-0.4533454188551113
-0.4553191661825022
-0.4573260543311568
-0.45936477619091354
-0.46143399507090926
-0.46353234485190126
-0.46565843015508634
-0.46781082652829886
-0.46998808065042164
-0.4721887105548531
-0.4744112058728601
-0.4766540280976169
-0.4789156108697191
-0.48119436028495555
-0.4834886552250799
-0.48579684771230314
-0.4881172632882409
-0.49044820141794737
-0.49278793591973247
-0.4951347154213633
-0.49748676384323415
-0.49984228090908106
-0.50219944268476
-0.5045564021455701
-0.506911289772587
-0.5092622141784197
-0.511607262762747
-0.5139445023979932
-0.5162719801454192
-0.5185877240018598
-0.5208897436773381
-0.5231760314036871
-0.5254445627742825
-0.5276932976149572
-0.5299201808860909
-0.5321231436158205
-0.5343001038642943
-0.5364489677187908
-0.5385676303195125
-0.5406539769157919
-0.542705883952369
-0.5447212201854023
-0.5466978478277457
-0.5486336237230238
-0.5505264005479531
-0.5523740280423035
-0.554174354265834
-0.5559252268814872
-0.557624494464064
-0.5592700078335331
-0.5608596214120866
-0.5623911946039981
-0.5638625931972499
-0.5652716907858994
-0.5666163702120262
-0.5678945250261199
-0.5691040609646574
-0.5702428974435961
-0.5713089690664531
-0.5723002271455853
-0.5732146412352365
-0.5740502006748806
-0.574804916141332
-0.5754768212080563
-0.5760639739100742
-0.57656445831281
-0.5769763860831947
-0.5772978980613074
-0.577527165830794
-0.5776623932862823
-0.5777018181959763
-0.5776437137575907
-0.5774863901457652
-0.5772281960490714
-0.5768675201947194
-0.576402792859042
-0.5758324873618365
-0.5751551215426308
-0.5743692592169316
-0.5734735116105176
-0.5724665387698403
-0.5713470509465944
-0.5701138099545333
-0.568765630496622
-0.5673013814606197
-0.5657199871812133
-0.5640204286668522
-0.562201744789437
-0.560263033435065
-0.558203452614067
-0.5560222215285759
-0.5537186215959573
-0.5512919974264266
-0.5487417577532427
-0.5460673763139304
-0.5432683926810049
-0.5403444130407484
-0.5372951109186533
-0.5341202278501755
-0.5308195739955328
-0.5273930286973549
-0.5238405409800271
-0.520162129989665
-0.5163578853737443
-0.5124279675994564
-0.5083726082099377
-0.5041921100176547
-0.4998868472342163
-0.4954572655360756
-0.49090388206556795
-0.48622728536688553
-0.48142813525667016
-0.47650716262894793
-0.4714651691942679
-0.4663030271530006
-0.46102167880278966
-0.45562213608027774
-0.4501054800373767
-0.44447286025229527
-0.43872549417577106
-0.4328646664130067
-0.42689172794183944
-0.4208080952678338
-0.4146152495170825
-0.40831473546749025
-0.4019081605195546
-0.39539719360759457
-0.38878356405255615
-0.3820690603575924
-0.37525552894767283
-0.36834487285453765
-0.36133905034849034
-0.3542400735184513
-0.34705000680187714
-0.33977096546621127
-0.33240511404351775
-0.3249546647200978
-0.3174218756829558
-0.3098090494249444
-0.30211853101056957
-0.29435270630449567
-0.2865140001646893
-0.2786048746024613
-0.270627826911383
-0.26258538776734425
-0.2544801193019766
-0.2463146131516269
-0.23809148848418227
-0.22981339000607887
-0.22148298595174631
-0.2131029660578492
-0.20467603952471072
-0.1962049329672073
-0.18769238835750374
-0.17914116096208368
-0.17055401727528752
-0.1619337329518001
-0.153283090740447
-0.1446048784215324
-0.13590188675014603
-0.12717690740762733
-0.11843273096349284
-0.10967214485009391
-0.1008979313521381
-0.09211286561327792
-0.08331971366193497
-0.07452123045835318
-0.06572015796501869
-0.0569192232423997
-0.048121136571938984
-0.039328589608203304
-0.030544253562068368
-0.021770777416644623
-0.013010786177700363
-0.004266879160273998
0.004458371687003812
0.0131624234183157
0.021842763686289693
0.030496912295590622
0.039122422712976
0.0477168835327475
0.056277919896326634
0.0648031948648447
0.07329041074378978
0.08173731035872743
0.09014167828118892
0.09850134200400061
0.10681417306530157
0.11507808812057264
0.12329104996217781
0.13145106848591573
0.13955620160408105
0.1476045561048391
0.15559428845756412
0.16352360556393863
0.17139076545478746
0.1791940779324976
0.18693190515914415
0.19460266219038452
0.20220481745526195
0.20973689318221803
0.21719746577158378
0.2245851661148854
0.2318986798614761
0.23913674763290438
0.24629816518560677
0.25338178352254526
0.2603865089544395
0.2673113031112819
0.2741551829049619
0.2809172204437862
0.28759654289973047
0.29419233232940945
0.300703825449625
0.3071303133685568
0.31347114127361553
0.3197257080769535
0.32589346601984015
0.3319739202369676
0.337966628281834
0.34387119961443746
0.34968729505246576
0.35541462618718733
0.36105295476534205
0.3666020920382712
0.3720618980795522
0.37743228107246957
0.38271319656860453
0.3879046467188462
0.3930066794781637
0.39801938778543905
0.4029429087197036
0.40777742263409644
0.41252315226883657
0.4171803618445694
0.4217493561373742
0.42623047953671855
0.4306241150876848
0.43493068351873576
0.43915064225626493
0.4432844844272299
0.44733273785106514
0.4512959640221088
0.45517475708375493
0.4589697427955045
0.46268157749405775
0.46631094704961606
0.46985856581849555
0.4733251755931201
0.47671154455050413
0.4800184662002115
0.4832467583328461
0.4863972619700354
0.48947084031686056
0.49246837771766644
0.4953907786161619
0.49823896652064265
0.501013882975214
0.5037164865377988
0.5063477517656995
0.5089086682094858
0.5114002394159027
0.5138234819404809
0.5161794243705171
0.5184691063590353
0.5206935776703184
0.5228538972375739
0.5249511322332614
0.5269863571525822
0.5289606529106009
0.5308751059534266
0.532730807383882
0.5345288521020279
0.5362703379608954
0.5379563649377568
0.5395880343212295
0.5411664479144767
0.5426927072547529
0.5441679128495207
0.5455931634293031
0.5469695552174739
0.548298181217107
0.549580130515006
0.5508164876030263
0.552008331716746
0.5531567361915577
0.5542627678362068
0.5553274863237874
0.5563519436002027
0.5573371833100589
0.5582842402399537
0.5591941397791048
0.5600678973972482
0.5609065181397117
0.5617109961395671
0.5624823141467478
0.5632214430739924
0.5639293415594872
0.5646069555460472
0.5652552178766718
0.5658750479063095
0.5664673511296431
0.5670330188247057
0.5675729277121354
0.5680879396298498
0.5685789012229429
0.5690466436485777
0.5694919822956503
0.5699157165190013
0.570318629387943
0.5707014874488594
0.5710650405016497
0.5714100213897696
0.5717371458036242
0.572047112097076
0.5723406011168193
0.5726182760443708
0.5728807822504398
0.5731287471614274
0.5733627801378124
0.5735834723641796
0.5737913967506545
0.5739871078454984
0.5741711417586338
0.5743440160958619
0.5745062299035453
0.5746582636235232
0.5748005790580416
0.5749336193444717
0.5750578089396059
0.5751735536133149
0.5752812404513616
0.5753812378671662
0.5754738956223256
0.5755595448556935
0.5756384981208293
0.5757110494316389
0.5757774743160193
0.5758380298773443
0.5758929548636115
0.5759424697440989
0.5759867767933637
0.5760260601824367
0.5760604860770627
0.5760902027428443
0.5761153406571529
0.5761360126276753
0.576152313917468
0.5761643223763951
0.5761720985788389
0.5761756859675637
0.5761751110036291
0.576170383322247
0.5761614958944864
0.5761484251947275
0.5761311313737774
0.5761095584375578
0.5760836344312834
0.5760532716290514
0.5760183667287642
0.5759788010523142
0.5759344407509587
0.5758851370158176
0.5758307262934316
0.5757710305063141
0.5757058572784415
0.5756350001656165
0.5755582388906559
0.5754753395833393
0.5753860550250707
0.5752901248981968
0.5751872760399296
0.5750772227008228
0.5749596668077479
0.5748342982313206
0.5747007950577263
0.5745588238648908
0.5744080400029411
0.57424808787891
0.5740786012456227
0.5738992034947126
0.5737095079537078
0.5735091181871315
0.5732976283015501
0.5730746232545127
0.5728396791673095
0.5725923636414856
0.5723322360790386
0.5720588480062241
0.571771743400896
0.5714704590232972
0.571154524750223
0.5708234639124653
0.5704767936354491
0.5701140251829667
0.5697346643039146
0.5693382115819233
0.568924162787781
0.5684920092345387
0.5680412381351769
0.5675713329627223
0.5670817738126834
0.5665720377676834
0.5660415992641462
0.5654899304609178
0.5649165016096538
0.5643207814268525
0.5637022374673634
0.5630603364992224
0.5623945448796531
0.5617043289320682
0.560989155323895
0.5602484914450618
0.5594818057869555
0.5586885683216711
0.5578682508813678
0.5570203275375356
0.5561442749799761
0.5552395728953051
0.5543057043447613
0.5533421561411209
0.552348419224512
0.5513239890368988
0.5502683658950329
0.5491810553616484
0.5480615686146644
0.546909422814191
0.5457241414670897
0.5445052547888645
0.5432523000626633
0.5419648219951319
0.5406423730689028
0.5392845138914757
0.5378908135402509
0.536460849903476
0.534994210016872
0.5334904903956923
0.5319492973619778
0.530370247366774
0.5287529673070661
0.5270970948371891
0.5254022786745017
0.5236681788990529
0.5218944672470438
0.5200808273978303
0.5182269552542496
0.5163325592160488
0.5143973604461829
0.5124210931297707
0.5104035047255009
0.5083443562092607
0.5062434223097954
0.5041004917361976
0.5019153673970147
0.4996878666108008
0.4974178213079238
0.49510507822343525
0.4927494990808412
0.490350960766614
0.4879093554952563
0.4854245909648013
0.4828965905025705
0.48032529320106215
0.4777106540438499
0.47505264402134967
0.47235125023633845
0.4696064759991524
0.4668183409124121
0.463986880945224
0.4611121484967714
0.4581942124492067
0.45523315820979215
0.4522290877422485
0.4491821195872399
0.44609238887197766
0.44296004730892735
0.439785263183577
0.4365682213312827
0.4333091231031931
0.43000818632125837
0.42666564522236194
0.42328175039159416
0.419856768684719
0.41639098313990197
0.4128846928787414
0.40933821299668455
0.4057518744429313
0.40212602388989416
0.39846102359232594
0.39475725123625083
0.39101509977778287
0.3872349772720005
0.3834173066920046
0.3795625257383083
0.3756710866387173
0.37174345593889535
0.36778011428374846
0.363781556189865
0.3597482898091621
0.3556808366839648
0.3515797314937362
0.3474455217936517
0.34327876774525834
0.3390800418394561
0.3348499286120417
0.3305890243520296
0.3262979368030612
0.3219772848581047
0.31762769824773174
0.3132498172222631
0.30884429222801457
0.304411783577945
0.2999529611170107
0.29546850388246
0.29095909975942535
0.2864254451320436
0.2818682445304538
0.2772882102739486
0.2726860621105792
0.26806252685352205
0.26341833801453746
0.2587542354347846
0.25407096491332926
0.24936927783366453
0.24464993078851813
0.2399136852032791
0.23516130695836482
0.23039356601080452
0.22561123601535193
0.2208150939454847
0.2160059197144991
0.21118449579709433
0.2063516068516855
0.20150803934375566
0.19665458117056658
0.19179202128747602
0.18692114933616513
0.18204275527507813
0.17715762901231458
0.172266560041264
0.1673703370792604
0.16246974770951286
0.157565578026543
0.15265861228543498
0.1477496325550917
0.14283941837575678
0.13792874642105735
0.13301839016475456
0.12810911955244014
0.12320170067841671
0.11829689546791194
0.11339546136489162
0.10849815102560997
0.10360571201809277
0.09871888652778046
0.0938384110694172
0.08896501620540015
0.08409942627075016
0.07924235910480956
0.07439452578982557
0.06955663039656919
0.06472936973706946
0.059913433124596634
0.0551095021410198
0.05031825041159674
0.045540343387292063
0.040776438134758224
0.036027183133953804
0.031293218083560094
0.026575173714185385
0.02187367160942885
0.017189324034862202
0.012522733774923536
0.007874493977766484
0.0032451880081000757
-0.0013646106920100712
-0.005954338734358474
-0.010523442907820198
-0.01507138029363839
-0.019597618372749363
-0.024101635125196256
-0.02858291912167172
-0.03304096960722467
-0.03747529657715711
-0.041885420845215855
-0.04627087410407905
-0.050631198978255604
-0.054965949069448725
-0.05927468899444515
-0.06355699441564841
-0.06781245206433778
-0.07204065975670265
-0.07624122640282546
-0.08041377200867025
-0.0845579276711815
-0.08867333556663985
-0.09275964893237286
-0.09681653204192896
-0.10084366017387247
-0.10484071957431167
-0.10880740741327542
-0.11274343173512057
-0.11664851140305087
-0.12052237603794774
-0.12436476595160917
-0.12817543207456866
-0.13195413587864285
-0.1357006492943565
-0.1394147546233822
-0.14309624444617722
-0.14674492152495866
-0.15036059870216315
-0.15394309879457466
-0.15749225448326581
-0.16100790819950114
-0.16448991200679497
-0.16793812747925135
-0.17135242557636055
-0.1747326865144318
-0.17807879963478318
-0.18139066326888698
-0.18466818460061857
-0.18791127952575146
-0.19111987250888535
-0.1942938964379555
-0.19743329247646177
-0.20053800991360443
-0.20360800601246476
-0.20664324585638083
-0.20964370219367195
-0.21260935528088348
-0.2155401927246599
-0.2184362093224305
-0.22129740690203925
-0.2241237941604471
-0.2269153865016712
-0.22967220587409257
-0.23239428060724812
-0.23508164524827932
-0.23773434039812497
-0.24035241254763054
-0.24293591391366526
-0.24548490227538475
-0.24799944081076836
-0.25047959793354
-0.252925447130579
-0.2553370667999564
-0.2577145400896937
-0.2600579547373403
-0.26236740291049926
-0.26464298104838513
-0.2668847897045074
-0.2690929333905939
-0.27126752042183705
-0.2734086627635362
-0.27551647587925565
-0.27759107858055093
-0.2796325928783627
-0.28164114383614713
-0.28361685942481774
-0.2855598703795718
-0.2874703100586725
-0.2893483143042426
-0.29119402130514316
-0.2930075714619908
-0.29478910725437063
-0.29653877311029614
-0.2982567152779782
-0.29994308169992956
-0.301598021889475
-0.3032216868096945
-0.3048142287548332
-0.3063758012342389
-0.30790655885883234
-0.30940665723016203
-0.3108762528320697
-0.31231550292498
-0.31372456544285277
-0.3151035988928188
-0.3164527622575002
-0.31777221490005514
-0.3190621164719507
-0.3203226268234665
-0.3215539059169558
-0.3227561137428637
-0.32392941023849864
-0.32507395520957616
-0.3261899082545275
-0.3272774286915685
-0.3283366754885302
-0.3293678071954529
-0.3303709818799168
-0.3313463570651242
-0.33229408967070173
-0.3332143359562276
-0.3341072514674574
-0.33497299098523514
-0.33581170847707803
-0.33662355705141095
-0.3374086889144261
-0.33816725532955755
-0.3388994065795367
-0.3396052919310045
-0.34028505960166494
-0.3409388567299367
-0.3415668293470859
-0.3421691223518054
-0.342745879487211
-0.34329724332022066
-0.34382335522328344
-0.34432435535842737
-0.3448003826635863
-0.34525157484117097
-0.34567806834884945
-0.3460799983924948
-0.3464574989212653
-0.3468107026247713
-0.34713974093229744
-0.34744474401403086
-0.3477258407842546
-0.34798315890647
-0.34821682480039773
-0.34842696365081394
-0.3486136994181862
-0.3487771548510521
-0.34891745150010245
-0.34903470973392486
-0.3491290487563559
-0.3492005866253972
-0.349249440273655
-0.349275725530246
-0.3492795571441269
-0.3492610488088042
-0.3492203131883686
-0.34915746194480946
-0.3490726057665643
-0.34896585439824956
-0.3488373166715259
-0.34868710053705343
-0.34851531309748296
-0.34832206064143717
-0.3481074486784312
-0.3478715819746925
-0.34761456458981643
-0.34733649991422183
-0.3470374907073573
-0.3467176391366008
-0.3463770468168141
-0.34601581485050387
-0.3456340438685338
-0.34523183407134905
-0.3448092852706639
-0.34436649693156096
-0.34390356821496454
-0.34342059802043146
-0.34291768502922326
-0.3423949277476098
-0.34185242455035636
-0.34129027372435655
-0.3407085735123648
-0.3401074221567756
-0.33948691794342595
-0.3388471592453574
-0.33818824456650537
-0.3375102725852814
-0.3368133421979896
-0.33609755256205276
-0.33536300313900014
-0.3346097937371813
-0.33383802455416284
-0.33304779621877467
-0.33223920983277044
-0.3314123670120544
-0.33056736992745217
-0.32970432134498484
-0.32882332466560654
-0.3279244839643813
-0.3270079040290581
-0.32607369039802253
-0.3251219493975761
-0.32415278817853144
-0.3231663147520836
-0.3221626380249272
-0.32114186783359727
-0.3201041149780054
-0.3190494912541379
-0.31797810948589866
-0.31689008355607196
-0.31578552843637264
-0.3146645602165707
-0.3135272961326634
-0.31237385459407807
-0.31120435520987355
-0.31001891881394233
-0.3088176674891745
-0.30760072459057286
-0.30636821476731624
-0.30512026398372877
-0.3038569995391681
-0.3025785500868028
-0.3012850456512669
-0.29997661764519085
-0.2986533988845864
-0.29731552360308183
-0.29596312746500103
-0.29459634757726905
-0.2932153225001495
-0.2918201922568025
-0.290411098341654
-0.28898818372757995
-0.2875515928719029
-0.2861014717211882
-0.284637967714852
-0.2831612297875766
-0.2816714083705245
-0.2801686553913716
-0.27865312427314815
-0.27712496993188895
-0.2755843487731121
-0.27403141868711967
-0.2724663390431246
-0.2708892706822239
-0.26930037590921496
-0.2676998184832631
-0.2660877636074406
-0.2644643779171386
-0.26282982946736116
-0.261184287718922
-0.2595279235235568
-0.2578609091079484
-0.25618341805670275
-0.2544956252942708
-0.25279770706584653
-0.25108984091724507
-0.24937220567378618
-0.24764498141820177
-0.24590834946757656
-0.2441624923493485
-0.24240759377639146
-0.240643838621188
-0.23887141288911895
-0.23709050369090595
-0.2353012992141981
-0.23350398869434508
-0.23169876238438541
-0.2298858115242517
-0.22806532830922732
-0.22623750585769034
-0.22440253817814024
-0.222560620135562
-0.2207119474171323
-0.2188567164972979
-0.21699512460225756
-0.21512736967386742
-0.21325365033299243
-0.21137416584234242
-0.20948911606880202
-0.20759870144529335
-0.2057031229321989
-0.20380258197835718
-0.20189728048167285
-0.19998742074936476
-0.19807320545786972
-0.19615483761243818
-0.19423252050645223
-0.19230645768047036
-0.19037685288106215
-0.18844391001942504
-0.1865078331298238
-0.18456882632788849
-0.1826270937687808
-0.18068283960525994
-0.17873626794568462
-0.17678758281196255
-0.1748369880974761
-0.1728846875250215
-0.17093088460477124
-0.16897578259228532
-0.1670195844466172
-0.16506249278850904
-0.16310470985871525
-0.1611464374764842
-0.15918787699820794
-0.15722922927626615
-0.1552706946180977
-0.1533124727455027
-0.15135476275421883
-0.1493977630737712
-0.14744167142763098
-0.14548668479370483
-0.14353299936515806
-0.14158081051160987
-0.13963031274071408
-0.13768169966013497
-0.13573516393994187
-0.13379089727545213
-0.13184909035051678
-0.12990993280127705
-0.12797361318041692
-0.1260403189219078
-0.12411023630626829
-0.12218355042636757
-0.1202604451537515
-0.11834110310555102
-0.11642570561193974
-0.1145144326841809
-0.11260746298327215
-0.11070497378918656
-0.10880714097072952
-0.10691413895602624
-0.10502614070363345
-0.10314331767429576
-0.101265839803357
-0.09939387547382093
-0.09752759149007893
-0.09566715305230934
-0.09381272373155417
-0.0919644654454699
-0.0901225384347754
-0.08828710124037732
-0.08645831068120091
-0.08463632183271114
-0.08282128800613084
-0.08101336072836854
-0.07921268972264262
-0.07741942288980755
-0.07563370629039344
-0.0738556841273389
-0.07208549872943505
-0.07032329053547168
-0.06856919807908213
-0.06682335797428667
-0.06508590490173967
-0.06335697159566545
-0.06163668883148447
-0.059925185414133976
-0.05822258816706698
-0.0565290219219288
-0.054844609508916446
-0.05316947174779756
-0.05150372743959944
-0.049847493358957426
-0.04820088424710604
-0.04656401280552783
-0.04493698969023177
-0.04331992350666311
-0.04171292080524484
-0.04011608607752749
-0.038529521752947236
-0.036953328196191654
-0.035387603705149026
-0.03383244450944155
-0.03228794476953654
-0.030754196576417918
-0.029231289951817088
-0.02771931284898545
-0.026218351154003415
-0.02472848868762107
-0.023249807207608754
-0.021782386411614632
-0.02032630394052371
-0.01888163538229583
-0.01744845427627979
-0.016026832117996957
-0.014616838364373533
-0.013218540439413251
-0.011832003740314062
-0.010457291643994199
-0.009094465514032512
-0.007743584708013155
-0.00640470658525358
-0.0050778865149107
-0.0037631778844602138
-0.0024606321085227823
-0.0011702986380446752
0.00010777503019290089
0.0013735433437405387
0.0026269626843317202
0.003867991357431387
0.00509658958149837
0.006312719476958873
0.007516345054915053
0.00870743220559322
0.009885948686536996
0.011051864110565999
0.012205149933504383
0.013345779441685
0.014473727739248533
0.01558897173524212
0.016691490130521687
0.017781263404483504
0.01885827380161094
0.01992250531786861
0.020973943686939688
0.02201257636631541
0.02303839252325144
0.024051383020596857
0.025051540402499725
0.026038858880005154
0.027013334316549613
0.027974964213356577
0.028923747694746982
0.029859685493371507
0.03078277993536135
0.031693034925421346
0.032590455931861044
0.033475049971569346
0.03434682559494975
0.035205792870809105
0.036051963371216314
0.03688535015633399
0.03770596775922377
0.038513832170638196
0.03930896082380197
0.04009137257918306
0.040861087709266525
0.04161812788333004
0.04236251615222633
0.0430942769331795
0.04381343599459875
0.044520020440909344
0.045214058697409715
0.04589558049515833
0.046564616855887364
0.047221200076953844
0.047865363716329185
0.04849714257762518
0.04911657269516865
0.049723691319114985
0.050318536900615676
0.0509011490770338
0.05147156865720957
0.05202983760678348
0.05257599903357399
0.05311009717301016
0.053632177373626785
0.054142286082617806
0.05464047083144908
0.055126780221536456
0.055601263909984995
0.05606397259539165
0.056514958003712125
0.056954272874193246
0.057381970945369565
0.0577981069411251
0.05820273655682068
0.058595916445486285
0.05897770420407819
0.05934815835980191
0.059707338356498704
0.060055304541096664
0.0603921181501255
0.060717841296294574
0.06103253695513303
0.06133626895169054
0.06162910194730143
0.06191110142640694
0.06218233368343547
0.0624428658097438
0.06269276568061294
0.06293210194229917
0.06316094399914289
0.0633793620007275
0.06358742682909133
0.06378521008599233
0.0639727840802199
0.06415022181495504
0.06431759697517948
0.06447498391512811
0.06462245764578509
0.06476009382242508
0.0648879687321928
0.06500615928172289
0.06511474298479972
0.06521379795005183
0.0653034028686815
0.06538363700223068
0.06545458017037645
0.06551631273875916
0.06556891560683842
0.06561247019578
0.06564705843636684
0.06567276275693569
0.06568966607134019
0.06569785176693392
0.06569740369257576
0.06568840614665687
0.06567094386514505
0.06564510200964682
0.06561096615548845
0.0655686222798098
0.06551815674967504
0.06545965631019487
0.06539320807266383
0.0653188995027075
0.06523681840844023
0.06514705292863533
0.06504969152090244
0.06494482294987276
0.06483253627539584
0.06471292084074025
0.0645860662608013
0.06445206241031773
0.06431099941209197
0.06416296762521634
0.06400805763330428
0.06384636023272829
0.06367796642086038
0.06350296738431783
0.06332145448721528
0.06313351925941876
0.06293925338480567
0.06273874868953061
0.06253209713029367
0.06231939078261588
0.06210072182911898
0.061876182547812644
0.06164586530038528
0.061409862520503816
0.06116826670212049
0.060921170387785335
0.06066866615696994
0.06041084661439947
0.06014780437839275
0.05987963206921597
0.059606422297446594
0.059328267652349095
0.059045260690264986
0.058757493923018676
0.058465059806336706
0.05816805072828313
0.057866558997717324
0.057560676832765265
0.057250496349314214
0.05693610954952969
0.05661760831039276
0.05629508437226357
0.05596862932747135
0.055638334608929224
0.05530429147877973
0.05496659101707037
0.05462532411046015
0.054280581440961116
0.0539324534747124
0.05358103045079374
0.053226402370076434
0.05286865898411301
0.052507889784070644
0.05214418398970828
0.051777630538395764
0.05140831807418571
0.05103633493692973
0.05066176915144613
0.050284708416742444
0.04990524009529128
0.049523451202360944
0.049139428395406144
0.04875325796351913
0.04836502581694041
0.04797481747663528
0.04758271806393646
0.04718881229025183
0.046793184446844
0.046395918394681164
0.04599709755435938
0.04559680489610113
0.045195122929831674
0.04479213369533376
0.04438791875248121
0.04398255917155748
0.04357613552365832
0.043168727871178564
0.04276041575838919
0.0423512782021037
0.04194139368243438
0.04153084013364383
0.04111969493509123
0.04070803490227379
0.0402959362779673
0.03988347472346902
0.03947072530993903
0.03905776250984465
0.03864466018851427
0.03823149159579291
0.037818329357806185
0.03740524546883795
0.036992311283313394
0.03657959750789795
0.03616717419370983
0.035755110728645546
0.03534347582982454
0.03493233753615024
0.034521763200990215
0.034111819484978115
0.03370257234893478
0.033294087046914125
0.032886428119372875
0.032479659386463605
0.032073843941455536
0.03166904414428269
0.03126532161521811
0.03086273722867939
0.030461351107163113
0.03006122261531055
0.029662410354104808
0.029264972155201567
0.02886896507539135
0.0284744453911975
0.028081468593609177
0.027690089382947855
0.027300361663872046
0.02691233854051836
0.02652607231177841
0.02614161446671532
0.025759015680117653
0.02537832580819211
0.024999593884395592
0.02462286811540727
0.024248195877238962
0.023875623711487715
0.023505197321727362
0.023136961570042296
0.02277096047370027
0.022407237201967724
0.0220458340730667
0.021686792551271424
0.02133015324414795
0.020975955899934496
0.02062423940506448
0.0202750417818282
0.019928400186180254
0.01958435090568509
0.01924292935760369
0.01890417008712483
0.018568106765734123
0.018234772189723837
0.01790419827884664
0.017576416075106436
0.017251455741689858
0.016929346562039618
0.01661011693906522
0.016293794394494514
0.015980405568362555
0.015669976218640136
0.015362531221000677
0.015058094568723274
0.014756689372734414
0.014458337861786399
0.014163061382770995
0.013870880401169794
0.01358181450164028
0.013295882388735369
0.013013101887757488
0.01273348994574818
0.012457062632607674
0.012183835142349175
0.011913821794484617
0.011647036035540466
0.011383490440705609
0.011123196715608543
0.010866165698223232
0.01061240736090437
0.010361930812550558
0.010114744300893536
0.009870855214914662
0.009630270087387947
0.009392994597545895
0.009159033573871388
0.008928390997012613
0.008701070002819698
0.008477072885504571
0.008256401100921462
0.008039055269966948
0.007825035182100693
0.007614339798983959
0.007406967258236812
0.0072029148773113585
0.00700217915748152
0.0068047557879492016
0.006610639650063479
0.006419824821653474
0.006232304581475641
0.006048071413771207
0.005867117012934771
0.005689432288294539
0.005515007369000177
0.005343831609019162
0.005175893592241884
0.005011181137692015
0.004849681304842249
0.004691380399036323
0.004536263977013136
0.004384316852534881
0.004235523102116141
0.004089866070854579
0.003947328378361689
0.003807891924791995
0.003671537896970876
0.003538246774619604
0.0034079983366760457
0.0032807716677108875
0.0031565451644383425
0.003035296542319316
0.0029170028422576067
0.0028016404373871102
0.0026891850399488847
0.0025796117082578732
0.002472894853757968
0.0023690082481635974
0.002267925030688282
0.0021696177153579053
0.002074058198408074
0.001981217765764742
0.001891067100606801
0.0018035762910094024
0.0017187148376675097
0.0016364516616982658
0.0015567551125206954
0.0014795929758125504
0.001404932481542653
0.0013327403120774232
0.001262982610361197
0.0011956249881686864
0.0011306325344284341
0.0010679698236165343
0.0010076009242192686
0.0009494894072633586
0.0008935983549130545
0.0008398903691324369
0.000788327580412468
0.0007388716565609048
0.0006914838115540945
0.0006461248144500753
0.0006027549983608374
0.0005613342694831571
0.0005218221161868922
0.0004841776181590612
0.000448359455602685
0.00041432591848959233
0.00038203491586520595
0.0003514439852046773
0.0003225103018188621
0.00029519068830889705
0.000269441624068309
0.0002452192548310079
0.00022247940226435262
0.0002011775736056944
0.00018126897134126098
0.00016270850292595703
0.00014545079054303363
0.00012945018090194723
0.00011466075507360042
0.00010103633836107761
8.853051020508365e-05
7.709661412238155e-05
6.668776767617593e-05
5.725687247678649e-05
4.875662421163893e-05
4.113952270299551e-05
3.435788199203866e-05
2.8363840448169802e-05
2.3109370902034226e-05
1.8546290800741053e-05
1.4626272384252167e-05
1.1300852881382106e-05
8.521444723956234e-06
6.239345777927928e-06
4.405749589977043e-06
2.9717556482109562e-06
1.8883796555029925e-06
1.1065638143416547e-06
5.771871214979713e-07
2.5107567126975947e-07
7.901296591677082e-08
1.1750231814289767e-08
1.6740045318022804e-11